<?xml version="1.0" encoding="UTF-8"?>
<map version="1.0" orientation="orthogonal" width="30" height="20" tilewidth="16" tileheight="16">
 <properties>
  <property name="Music" value="SpiritGuardField"/>
  <property name="Name" value="AREA 1"/>
 </properties>
 <tileset firstgid="1" name="tilemap" tilewidth="16" tileheight="16">
  <tileoffset x="0" y="2"/>
  <image source="gfx/tilemap.png" width="160" height="320"/>
 </tileset>
 <tileset firstgid="201" name="objects" tilewidth="16" tileheight="16">
  <image source="gfx/objects.png" width="192" height="16"/>
 </tileset>
 <layer name="background" width="30" height="20" opacity="0.51">
  <data encoding="csv">
79,79,77,77,79,78,78,79,78,78,79,78,79,77,78,77,78,78,79,77,78,79,78,77,79,78,77,78,79,79,
77,77,79,77,77,78,77,78,79,79,77,78,77,79,77,79,77,78,77,77,79,78,78,77,78,77,78,77,78,78,
77,78,78,77,77,79,79,77,78,79,79,79,77,79,79,79,77,79,79,77,79,79,78,78,79,77,77,78,79,79,
79,79,79,79,77,79,79,77,78,79,79,77,79,78,78,78,78,79,77,77,78,77,79,79,77,77,79,79,77,79,
78,79,79,78,77,77,77,78,78,77,78,79,79,79,77,79,78,79,77,78,77,77,78,77,78,79,78,78,79,79,
77,77,78,79,79,78,79,77,79,78,77,79,77,79,78,78,79,77,78,77,78,78,77,77,77,77,77,77,77,78,
77,78,77,79,77,79,77,78,79,77,77,78,77,77,78,77,79,78,77,78,77,77,78,79,78,78,78,77,77,79,
78,78,79,78,79,79,77,79,77,78,77,79,77,77,77,79,79,79,79,77,79,77,77,78,79,78,78,77,77,79,
79,78,77,79,78,79,78,77,78,78,79,78,78,79,77,77,77,78,79,78,78,79,78,79,79,77,77,77,77,77,
78,77,78,77,78,77,79,78,79,77,78,77,79,77,77,79,78,79,78,78,77,79,77,78,79,77,77,78,77,79,
78,79,79,77,78,78,78,77,79,77,78,79,79,78,77,79,79,77,77,77,78,78,77,79,78,79,78,77,77,78,
78,78,77,78,78,78,78,79,77,77,78,78,79,78,77,77,79,79,77,79,78,78,79,79,79,79,77,78,79,77,
78,79,79,78,77,78,77,77,78,79,77,78,79,79,78,79,78,77,79,77,79,77,78,79,79,77,77,77,77,78,
77,77,78,77,79,79,79,195,78,79,77,77,77,78,78,78,78,79,77,79,77,77,78,78,77,78,78,77,78,79,
79,78,79,79,77,77,78,79,78,79,79,78,79,77,77,78,79,77,79,77,79,78,78,79,77,78,79,77,78,78,
77,79,79,78,77,78,79,78,77,78,77,77,77,79,77,78,77,78,78,78,77,78,78,77,79,78,79,78,77,77,
77,78,77,79,79,77,77,77,78,78,78,78,78,77,77,78,78,78,79,77,79,79,78,79,77,79,79,77,77,78,
79,77,78,78,77,77,77,77,77,79,77,79,77,79,78,78,78,78,78,79,78,78,77,77,79,79,77,79,78,79,
78,79,79,78,77,78,78,78,78,77,79,77,77,79,78,79,79,79,79,79,78,78,77,79,79,77,77,79,77,79,
79,79,79,78,77,79,77,77,78,77,77,77,78,79,77,77,78,79,77,78,77,78,78,77,77,77,79,79,77,78
</data>
 </layer>
 <layer name="foreground" width="30" height="20">
  <data encoding="csv">
0,0,0,0,0,0,0,0,0,0,0,0,0,0,0,0,0,0,0,0,0,0,0,0,0,0,0,0,0,0,
0,0,0,0,0,0,0,0,0,0,0,0,0,0,0,0,0,0,0,0,0,0,0,0,0,0,0,0,0,0,
0,0,0,0,0,0,0,0,0,0,0,0,0,0,0,0,0,0,0,0,0,0,0,0,0,0,0,0,0,0,
0,0,0,0,0,0,0,0,0,0,0,0,0,0,0,0,0,0,0,0,0,0,0,0,0,0,0,0,0,0,
0,0,0,0,0,0,0,0,0,0,0,0,0,0,0,0,0,0,0,0,0,0,0,0,0,0,0,0,0,0,
0,0,0,0,0,0,0,0,0,0,0,0,0,0,0,0,0,0,0,0,0,0,0,0,0,0,0,0,0,0,
0,0,0,0,0,0,0,0,0,0,0,0,0,0,0,0,0,0,0,0,0,0,0,0,0,0,0,0,0,0,
0,0,0,0,0,0,0,0,0,0,0,0,0,0,0,0,0,0,0,0,0,0,0,0,0,0,0,0,0,0,
0,0,0,0,0,0,0,0,0,0,0,0,0,0,0,0,0,0,0,0,0,0,0,0,0,0,0,0,0,0,
0,0,0,0,0,0,0,0,0,0,0,0,0,0,0,0,0,0,0,0,0,0,0,0,0,0,0,0,0,0,
0,0,0,0,0,0,0,0,0,0,0,0,0,0,0,0,0,0,0,0,0,0,0,0,0,0,0,0,0,0,
0,0,0,0,0,0,0,0,0,0,0,0,0,0,0,0,0,0,0,0,0,0,0,0,0,0,0,0,0,0,
0,0,0,0,0,0,0,185,0,0,0,0,0,0,0,0,0,0,0,0,0,0,0,0,0,0,0,0,0,0,
0,0,0,0,0,0,0,197,0,0,0,0,0,0,0,0,0,0,0,0,0,0,0,0,0,0,0,0,0,0,
0,0,0,0,0,0,0,0,0,0,0,0,0,0,0,0,0,0,0,0,0,0,0,0,0,0,0,0,0,0,
0,0,0,0,0,0,0,0,0,0,0,0,0,0,0,0,0,0,0,0,0,0,0,0,0,0,0,0,0,0,
0,0,0,0,0,0,0,0,0,0,0,0,0,0,0,0,0,0,0,0,0,0,0,0,0,0,0,0,0,0,
0,0,0,0,0,0,0,0,0,0,0,0,0,0,0,0,0,0,0,0,0,0,0,0,0,0,0,0,0,0,
0,0,0,0,0,0,0,0,0,0,0,0,0,0,0,0,0,0,0,0,0,0,0,0,0,0,0,0,0,0,
0,0,0,0,0,0,0,0,0,0,0,0,0,0,0,0,0,0,0,0,0,0,0,0,0,0,0,0,0,0
</data>
 </layer>
 <layer name="collision" width="30" height="20">
  <data encoding="csv">
0,0,0,0,0,44,45,45,45,45,45,45,45,45,45,45,45,45,45,45,45,45,45,45,45,45,46,0,0,0,
0,0,0,0,0,44,45,45,45,45,45,45,45,45,45,45,45,45,45,45,45,45,45,45,45,45,46,0,0,0,
0,0,0,0,0,54,6,45,45,45,45,45,45,45,45,45,45,45,45,45,45,45,45,45,45,4,56,0,0,0,
0,0,0,0,0,0,44,45,45,45,45,45,45,45,45,45,45,45,45,45,45,45,45,45,4,56,0,0,0,0,
0,0,0,0,0,0,54,55,55,55,55,55,55,55,55,55,55,55,55,55,55,55,55,55,56,0,0,0,0,0,
0,0,0,0,0,0,0,0,0,0,0,0,0,0,0,0,0,0,0,0,0,0,0,0,0,0,0,0,0,0,
0,0,0,0,0,0,0,0,0,0,0,31,32,32,33,0,0,0,0,0,0,0,0,0,0,0,0,0,0,0,
0,0,0,0,0,0,0,0,0,0,0,41,0,0,43,0,0,0,0,0,0,0,0,0,0,0,0,0,0,0,
0,0,0,0,0,0,0,0,0,0,0,51,22,52,53,0,0,0,0,0,0,0,0,0,0,0,0,0,0,0,
0,0,0,0,22,0,34,35,36,0,0,0,43,0,0,0,0,0,0,0,0,0,0,0,0,0,37,38,38,38,
0,0,0,0,22,0,44,45,12,52,52,22,23,32,32,32,32,33,0,0,0,0,0,0,0,0,47,48,48,48,
0,0,40,0,22,0,54,55,56,0,0,71,0,0,0,0,0,41,0,0,0,0,0,0,0,0,47,48,48,48,
0,0,50,0,0,0,0,0,0,0,0,41,0,0,0,0,0,41,0,0,0,0,0,0,0,0,47,48,48,48,
0,0,50,0,0,0,0,0,0,0,0,41,0,0,0,0,0,41,0,0,0,0,0,0,0,37,29,48,48,48,
0,0,50,0,0,0,0,0,0,0,0,41,0,0,0,0,0,41,0,0,0,0,0,0,0,47,48,48,48,48,
0,0,50,0,0,0,0,0,0,0,0,41,0,0,0,0,0,41,0,0,0,0,0,0,0,47,48,48,48,48,
0,0,50,0,0,0,37,38,39,0,0,21,52,52,52,52,52,53,67,68,68,68,68,68,68,66,48,48,48,48,
0,0,60,0,37,28,29,48,27,39,0,41,0,0,0,0,0,0,0,0,0,0,0,0,0,57,58,9,48,48,
0,0,0,0,47,48,48,48,48,49,0,41,0,0,0,0,0,0,0,0,0,0,0,0,0,0,0,47,48,48,
0,0,0,0,47,48,48,48,48,49,0,41,0,0,0,0,0,0,0,0,0,0,0,0,0,0,0,47,48,48
</data>
 </layer>
 <layer name="walls" width="30" height="20">
  <data encoding="csv">
0,0,0,0,0,0,0,0,0,0,0,0,0,0,0,0,0,0,0,0,0,0,0,0,0,0,0,0,0,0,
0,0,0,0,0,0,0,0,0,0,0,0,0,0,0,0,0,0,0,0,0,0,0,0,0,0,0,0,0,0,
0,0,0,0,0,0,0,0,0,0,0,0,0,0,0,0,0,0,0,0,0,0,0,0,0,0,0,0,0,0,
0,0,0,0,0,0,0,0,0,0,0,0,0,0,0,0,0,0,0,0,0,0,0,0,0,0,0,0,0,0,
0,0,0,0,0,0,0,0,0,0,0,0,0,0,0,0,0,0,0,0,0,0,0,0,0,0,0,0,0,0,
0,0,0,0,0,0,0,0,0,0,0,0,0,0,0,0,0,0,0,0,0,0,0,0,0,0,0,0,0,0,
0,0,0,0,0,0,0,0,0,0,0,0,0,0,0,0,0,0,0,0,0,0,0,0,0,0,0,0,0,0,
0,0,0,0,0,0,0,0,0,0,0,0,0,0,0,0,0,0,0,0,0,0,0,0,0,0,0,0,0,0,
0,0,0,0,0,0,0,0,0,0,0,0,0,0,0,0,0,0,0,0,0,0,0,0,0,0,0,0,0,0,
0,0,0,0,0,0,0,0,0,0,0,0,0,0,0,0,0,0,0,0,0,0,0,0,0,0,0,0,0,0,
0,0,0,0,0,0,0,0,0,0,0,0,0,0,0,0,0,0,0,0,0,0,0,0,0,0,0,0,0,0,
0,0,0,0,0,0,0,0,0,0,0,0,0,0,0,0,0,0,0,0,0,0,0,0,0,0,0,0,0,0,
0,0,0,0,0,0,184,185,186,0,0,0,0,0,0,0,0,0,0,0,0,0,0,0,0,0,0,0,0,0,
0,0,0,0,0,0,194,0,196,0,0,0,0,0,0,0,0,0,0,0,0,0,0,0,0,0,0,0,0,0,
0,0,0,0,0,0,0,0,0,0,0,0,0,0,0,0,0,0,0,0,0,0,0,0,0,0,0,0,0,0,
0,0,0,0,0,0,0,0,0,0,0,0,0,0,0,0,0,0,0,0,0,0,0,0,0,0,0,0,0,0,
0,0,0,0,0,0,0,0,0,0,0,0,0,0,0,0,0,0,0,0,0,0,0,0,0,0,0,0,0,0,
0,0,0,0,0,0,0,0,0,0,0,0,0,0,0,0,0,0,0,0,0,0,0,0,0,0,0,0,0,0,
0,0,0,0,0,0,0,0,0,0,0,0,0,0,0,0,0,0,0,0,0,0,0,0,0,0,0,0,0,0,
0,0,0,0,0,0,0,0,0,0,0,0,0,0,0,0,0,0,0,0,0,0,0,0,0,0,0,0,0,0
</data>
 </layer>
 <objectgroup name="objects" width="30" height="20">
  <object type="spawnPoint" gid="201" x="64" y="288">
   <properties>
    <property name="exitdirection" value="up"/>
    <property name="name" value="spawnpoint"/>
   </properties>
  </object>
  <object type="spawnPoint" gid="201" x="112" y="224">
   <properties>
    <property name="exitdirection" value="down"/>
    <property name="name" value="hole"/>
    <property name="targetMap" value="1_2"/>
    <property name="targetSpawn" value="holeEntrance"/>
   </properties>
  </object>
  <object type="sign" gid="202" x="80" y="256">
   <properties>
    <property name="dialogue" value="Home Sweet Home"/>
   </properties>
  </object>
  <object type="enemy" gid="203" x="224" y="208"/>
  <object type="villager" gid="204" x="48" y="256">
   <properties>
    <property name="dialogue" value="Welcome to the village|This is a test message|You suck|Lolololol"/>
   </properties>
  </object>
  <object gid="205" x="352" y="144"/>
  <object type="pushblock" gid="205" x="64" y="144"/>
  <object type="pushblock" gid="205" x="336" y="176"/>
  <object type="pushblock" gid="205" x="304" y="208"/>
  <object type="pushblock" gid="205" x="336" y="208"/>
  <object type="pushblock" gid="205" x="96" y="144"/>
  <object type="arrowturret" gid="206" x="80" y="64">
   <properties>
    <property name="direction" value="down"/>
    <property name="initdelay" value="0"/>
    <property name="interval" value=".4"/>
   </properties>
  </object>
  <object type="arrowturret" gid="206" x="176" y="160">
   <properties>
    <property name="direction" value="left"/>
    <property name="initdelay" value=".4"/>
    <property name="interval" value="1"/>
   </properties>
  </object>
  <object type="magicturret" gid="207" x="192" y="128">
   <properties>
    <property name="distance" value="5"/>
   </properties>
  </object>
  <object type="ghost" gid="208" x="0" y="160"/>
  <object type="ghost" gid="208" x="16" y="160"/>
  <object type="ghost" gid="208" x="32" y="160"/>
  <object type="ghost" gid="208" x="48" y="160"/>
  <object type="enemy" gid="203" x="208" y="224"/>
  <object type="enemy" gid="203" x="224" y="240"/>
  <object type="enemy" gid="203" x="208" y="256"/>
  <object type="soul" gid="209" x="48" y="240">
   <properties>
    <property name="type" value="jump"/>
   </properties>
  </object>
  <object type="soul" gid="209" x="144" y="240">
   <properties>
    <property name="type" value="bow"/>
   </properties>
  </object>
  <object name="DoorOne" type="door" gid="210" x="80" y="224"/>
  <object type="switch" gid="211" x="80" y="240">
   <properties>
    <property name="door" value="DoorOne"/>
   </properties>
  </object>
  <object type="hitswitch" gid="212" x="64" y="208">
   <properties>
    <property name="door" value="DoorTwo"/>
   </properties>
  </object>
  <object name="DoorTwo" type="door" gid="210" x="80" y="208"/>
  <object type="villager" gid="204" x="128" y="240">
   <properties>
    <property name="dialogue" value="This is my house|BACK OFF!"/>
    <property name="type" value="B"/>
   </properties>
  </object>
 </objectgroup>
</map>
