<?xml version="1.0" encoding="UTF-8"?>
<map version="1.0" orientation="orthogonal" width="30" height="20" tilewidth="32" tileheight="32">
 <tileset firstgid="1" name="tilemap" tilewidth="32" tileheight="32">
  <tileoffset x="0" y="2"/>
  <image source="gfx/tilemap.png" width="256" height="128"/>
 </tileset>
 <layer name="background" width="30" height="20" opacity="0.51">
  <data encoding="csv">
6,6,6,6,4,4,5,5,4,4,5,6,6,6,5,5,6,5,4,5,5,4,6,5,4,4,4,5,4,5,
5,5,6,5,4,5,6,5,4,5,5,4,4,6,4,6,4,4,6,4,5,6,5,5,5,5,6,4,4,6,
6,5,5,6,5,6,5,4,4,5,6,4,6,6,5,6,5,6,4,5,4,4,4,4,5,4,4,4,6,5,
4,5,4,6,6,4,4,5,6,4,6,5,6,6,5,4,6,6,5,5,6,4,5,5,5,6,6,5,4,5,
4,5,5,6,5,5,5,5,4,6,5,5,6,4,5,4,4,6,4,5,6,6,6,6,6,5,4,6,6,4,
6,4,6,4,6,6,4,5,6,4,4,4,4,4,5,5,6,5,6,5,4,5,6,5,6,4,6,6,6,5,
4,6,6,6,6,6,6,6,5,6,6,6,6,6,5,6,5,6,4,5,5,6,4,5,6,5,5,6,5,5,
6,6,5,6,4,6,4,4,4,4,4,6,5,4,5,5,6,5,5,5,4,4,4,5,4,5,4,6,5,4,
6,5,6,6,5,6,4,4,6,6,4,6,4,6,5,6,5,6,4,5,6,6,4,5,6,6,5,5,6,4,
5,6,6,6,5,4,4,6,4,4,4,6,5,4,4,4,6,6,6,6,5,5,6,4,6,5,5,6,5,4,
6,4,4,4,6,6,6,5,4,6,5,4,4,4,6,4,5,4,6,4,5,5,4,5,6,4,6,4,6,6,
5,4,6,4,4,5,4,5,6,6,5,5,4,6,4,4,6,4,6,4,6,5,5,5,5,4,5,5,6,6,
4,4,6,6,6,4,5,6,4,4,4,5,6,4,5,4,5,6,6,6,6,5,5,5,4,4,6,6,5,4,
5,5,5,4,5,5,4,5,6,4,5,4,5,6,6,4,5,6,4,4,6,6,5,5,4,5,6,4,4,6,
5,5,5,6,4,4,5,6,4,5,6,4,5,4,6,5,4,6,5,5,6,6,5,6,4,4,6,5,5,4,
5,4,6,4,6,4,4,5,5,4,5,5,6,5,6,6,4,4,6,4,4,6,5,4,6,6,6,5,6,4,
4,4,6,5,6,5,5,5,6,5,6,6,6,4,4,6,6,5,4,6,5,4,5,4,5,5,4,5,6,5,
5,4,5,6,6,5,4,6,5,5,5,6,4,5,6,6,6,5,5,5,5,5,6,4,6,4,6,5,5,4,
4,4,6,6,5,6,5,5,6,4,4,5,4,5,6,6,5,4,5,4,6,6,4,6,6,5,4,4,6,6,
5,5,4,5,6,4,6,4,6,6,5,4,4,6,4,4,5,5,5,6,5,5,5,5,4,5,5,4,5,4
</data>
 </layer>
 <layer name="collision" width="30" height="20">
  <data encoding="csv">
10,10,10,10,11,0,0,0,0,0,0,0,0,0,0,0,0,0,0,0,0,0,0,0,9,10,10,10,10,10,
10,10,10,10,11,0,0,0,0,0,0,0,0,0,0,0,0,0,0,0,0,0,0,0,9,10,10,10,10,10,
10,10,10,10,11,0,0,0,0,0,0,0,0,1,2,3,0,0,0,0,0,0,0,0,9,10,10,10,10,10,
10,10,10,10,11,0,0,0,0,0,0,0,0,9,10,19,0,0,0,0,0,0,0,0,9,10,10,10,10,10,
10,10,10,10,11,0,0,0,0,1,3,0,0,9,11,0,0,0,0,0,0,0,0,0,9,10,10,10,10,10,
10,10,10,10,11,0,0,0,0,9,11,0,0,9,11,0,0,0,0,0,0,0,0,0,9,10,10,10,10,10,
10,10,10,10,11,0,0,0,0,9,11,0,0,9,11,0,0,0,0,0,0,1,2,2,10,10,10,10,10,10,
10,10,10,10,10,2,2,3,0,9,11,0,0,9,11,0,0,0,0,0,0,17,18,18,18,10,10,10,10,10,
10,10,10,10,10,18,18,19,0,9,11,0,0,9,11,0,0,0,0,0,0,0,0,0,0,9,10,10,10,10,
10,10,10,10,11,0,0,0,0,9,11,0,0,9,11,0,0,0,0,0,0,0,0,0,0,9,10,10,10,10,
10,10,10,10,11,0,0,0,0,9,11,0,0,9,11,0,1,2,3,0,0,0,0,0,0,17,10,10,10,10,
10,10,10,10,11,0,0,0,0,9,11,0,0,9,11,0,9,10,11,0,0,0,0,0,0,0,9,10,10,10,
10,10,10,10,11,0,0,1,2,10,11,0,0,9,11,0,9,10,11,0,0,0,0,0,0,0,9,10,10,10,
10,10,10,10,11,0,0,10,10,10,11,0,0,9,11,0,17,18,19,0,0,0,0,0,0,0,9,10,10,10,
10,10,10,10,11,0,0,10,10,10,11,0,0,9,11,0,0,0,0,0,0,0,0,0,0,0,17,10,10,10,
10,10,10,10,11,0,0,10,10,10,11,0,0,9,11,0,0,0,0,0,0,0,0,0,0,0,0,9,10,10,
10,10,10,10,11,0,0,10,10,10,11,0,0,9,11,0,0,0,0,0,0,0,0,0,0,0,0,9,10,10,
10,10,10,10,11,0,0,17,18,18,19,0,0,9,11,0,0,0,0,0,0,0,0,0,0,0,0,9,10,10,
10,10,10,10,11,0,0,0,0,0,0,0,0,9,11,0,0,0,0,0,0,0,0,0,0,0,0,9,10,10,
10,10,10,10,10,2,2,2,2,2,2,2,2,10,10,2,2,2,2,2,2,2,2,2,2,2,2,10,10,10
</data>
 </layer>
</map>
