<?xml version="1.0" encoding="UTF-8"?>
<map version="1.0" orientation="orthogonal" width="20" height="14" tilewidth="16" tileheight="16">
 <properties>
  <property name="Music" value="SpiritGuardIndoors"/>
  <property name="Name" value="VILLAGE"/>
 </properties>
 <tileset firstgid="1" name="tilemap" tilewidth="16" tileheight="16">
  <tileoffset x="0" y="2"/>
  <image source="gfx/tilemap.png" width="160" height="320"/>
 </tileset>
 <tileset firstgid="201" name="objects" tilewidth="16" tileheight="16">
  <image source="gfx/objects.png" width="192" height="16"/>
 </tileset>
 <layer name="background" width="20" height="14" opacity="0.51">
  <data encoding="csv">
79,78,79,77,77,79,78,79,77,79,77,79,78,77,79,79,78,78,78,77,
77,78,77,78,77,77,79,78,77,77,79,79,78,79,78,78,77,79,78,77,
78,77,77,79,78,77,78,79,78,77,77,79,78,77,77,79,79,78,79,78,
77,79,79,79,79,78,79,79,79,79,77,77,79,77,79,79,77,78,79,78,
77,79,79,78,78,79,77,78,77,77,77,77,79,77,77,78,78,79,79,79,
77,77,79,79,78,78,77,79,78,79,77,77,77,77,79,79,79,79,77,79,
78,78,77,79,78,79,77,79,78,78,79,79,79,77,78,79,78,77,79,79,
78,78,79,78,78,79,78,79,79,79,79,77,79,77,78,77,79,78,77,79,
77,77,78,77,78,78,79,78,77,79,78,79,77,77,79,79,79,79,79,79,
78,78,79,79,77,77,78,79,79,78,79,79,79,77,78,77,78,79,79,79,
78,79,79,78,77,79,78,77,79,77,78,78,77,77,79,78,78,79,79,78,
79,79,78,78,77,79,79,79,77,77,77,77,77,79,79,79,79,77,78,78,
79,77,78,78,79,78,79,79,78,78,78,78,78,78,77,77,78,79,77,77,
77,79,78,77,77,78,79,78,77,78,77,78,79,78,78,79,77,79,78,77
</data>
 </layer>
 <layer name="collision" width="20" height="14">
  <data encoding="csv">
48,48,48,48,48,48,48,48,48,0,48,48,48,48,48,48,48,48,48,48,
48,48,48,48,48,48,0,0,48,0,48,48,48,48,48,48,48,48,48,48,
48,48,48,48,48,48,0,0,48,48,48,48,48,48,48,48,48,48,48,48,
48,48,48,48,48,0,0,0,48,48,48,48,48,48,48,48,48,48,48,48,
48,48,48,48,48,0,0,0,0,0,48,48,48,48,48,48,48,48,48,48,
48,48,48,48,48,48,0,0,48,48,48,0,48,48,48,48,48,48,48,48,
48,48,48,48,48,48,48,48,0,0,0,0,0,48,48,48,48,48,48,48,
48,48,48,48,48,48,48,48,48,0,0,0,0,48,48,48,48,48,48,48,
48,48,48,48,48,48,48,0,0,0,0,48,48,48,48,48,48,48,48,48,
48,48,48,48,48,48,48,0,48,48,48,48,48,48,48,48,48,48,48,48,
48,48,48,48,48,48,48,48,0,0,0,48,48,48,48,48,48,48,48,48,
48,48,48,48,48,48,48,48,48,0,48,48,48,48,48,48,48,48,48,48,
48,48,48,48,48,48,48,48,48,48,48,48,48,48,48,48,48,48,48,48,
48,48,48,48,48,48,48,48,48,48,48,48,48,48,48,48,48,48,48,48
</data>
 </layer>
 <layer name="walls" width="20" height="14" opacity="0.98">
  <data encoding="csv">
0,0,0,0,0,0,0,0,0,0,0,0,0,0,0,0,0,0,0,0,
0,0,0,0,0,0,0,0,0,0,0,0,0,0,0,0,0,0,0,0,
0,0,0,0,0,0,0,0,0,0,0,0,0,0,0,0,0,0,0,0,
0,0,0,0,0,0,0,0,0,0,0,0,0,0,0,0,0,0,0,0,
0,0,0,0,0,0,0,0,0,0,0,0,0,0,0,0,0,0,0,0,
0,0,0,0,0,0,0,0,0,0,0,0,0,0,0,0,0,0,0,0,
0,0,0,0,0,0,0,0,0,0,0,0,0,0,0,0,0,0,0,0,
0,0,0,0,0,0,0,0,0,0,0,0,0,0,0,0,0,0,0,0,
0,0,0,0,0,0,0,0,0,0,0,0,0,0,0,0,0,0,0,0,
0,0,0,0,0,0,0,0,0,0,0,0,0,0,0,0,0,0,0,0,
0,0,0,0,0,0,0,0,0,0,0,0,0,0,0,0,0,0,0,0,
0,0,0,0,0,0,0,0,0,0,0,0,0,0,0,0,0,0,0,0,
0,0,0,0,0,0,0,0,0,0,0,0,0,0,0,0,0,0,0,0,
0,0,0,0,0,0,0,0,0,0,0,0,0,0,0,0,0,0,0,0
</data>
 </layer>
 <objectgroup name="objects" width="20" height="14">
  <object type="ghost" gid="208" x="96" y="48"/>
  <object name="pob4switch1" type="switch" gid="211" x="80" y="80">
   <properties>
    <property name="door" value="POB4Door1"/>
   </properties>
  </object>
  <object name="POB4Door1" type="door" gid="210" x="128" y="80"/>
  <object type="spawnpoint" gid="201" x="144" y="192">
   <properties>
    <property name="exitDirection" value="up"/>
    <property name="name" value="pob4topob1"/>
    <property name="targetmap" value="POB1"/>
    <property name="targetspawn" value="pob4topob1"/>
   </properties>
  </object>
  <object type="spawnpoint" gid="201" x="144" y="16">
   <properties>
    <property name="exitDirection" value="down"/>
    <property name="name" value="pob3topob4"/>
    <property name="targetmap" value="POB3"/>
    <property name="targetspawn" value="pob3topob4"/>
   </properties>
  </object>
  <object name="pob4switch2" type="switch" gid="211" x="112" y="144">
   <properties>
    <property name="door" value="POB4Door2"/>
   </properties>
  </object>
  <object name="POB4Door2" type="door" gid="210" x="144" y="192"/>
  <object type="ghost" gid="208" x="160" y="112"/>
  <object type="arrowturret" gid="206" x="176" y="96">
   <properties>
    <property name="direction" value="left"/>
    <property name="interval" value=".5"/>
   </properties>
  </object>
 </objectgroup>
 <layer name="foreground" width="20" height="14" opacity="0.5">
  <data encoding="csv">
0,0,0,0,0,0,0,0,0,0,0,0,0,0,0,0,0,0,0,0,
0,0,0,0,0,0,0,0,0,0,0,0,0,0,0,0,0,0,0,0,
0,0,0,0,0,0,0,0,0,0,0,0,0,0,0,0,0,0,0,0,
0,0,0,0,0,0,0,0,0,0,0,0,0,0,0,0,0,0,0,0,
0,0,0,0,0,0,0,0,0,0,0,0,0,0,0,0,0,0,0,0,
0,0,0,0,0,0,0,0,0,0,0,0,0,0,0,0,0,0,0,0,
0,0,0,0,0,0,0,0,0,0,0,0,0,0,0,0,0,0,0,0,
0,0,0,0,0,0,0,0,0,0,0,0,0,0,0,0,0,0,0,0,
0,0,0,0,0,0,0,0,0,0,0,0,0,0,0,0,0,0,0,0,
0,0,0,0,0,0,0,0,0,0,0,0,0,0,0,0,0,0,0,0,
0,0,0,0,0,0,0,0,0,0,0,0,0,0,0,0,0,0,0,0,
0,0,0,0,0,0,0,0,0,0,0,0,0,0,0,0,0,0,0,0,
0,0,0,0,0,0,0,0,0,0,0,0,0,0,0,0,0,0,0,0,
0,0,0,0,0,0,0,0,0,0,0,0,0,0,0,0,0,0,0,0
</data>
 </layer>
</map>
