<?xml version="1.0" encoding="UTF-8"?>
<map version="1.0" orientation="orthogonal" width="20" height="18" tilewidth="16" tileheight="16">
 <properties>
  <property name="Music" value="SpiritGuardIndoors"/>
  <property name="Name" value="VILLAGE"/>
 </properties>
 <tileset firstgid="1" name="tilemap" tilewidth="16" tileheight="16">
  <tileoffset x="0" y="2"/>
  <image source="gfx/tilemap.png" width="160" height="320"/>
 </tileset>
 <tileset firstgid="201" name="objects" tilewidth="16" tileheight="16">
  <image source="gfx/objects.png" width="192" height="16"/>
 </tileset>
 <layer name="background" width="20" height="18" opacity="0.51">
  <data encoding="csv">
78,79,77,77,77,79,79,77,77,77,77,77,78,79,78,78,78,79,78,79,
79,79,77,77,78,78,79,79,77,79,79,78,78,77,79,79,78,78,79,79,
77,77,77,78,79,77,77,79,79,79,78,77,78,79,77,78,77,78,78,78,
78,78,77,79,78,77,79,78,77,77,78,79,78,78,78,78,79,78,78,78,
78,77,79,78,77,79,79,77,78,79,77,78,78,78,79,79,77,79,77,79,
77,77,78,77,77,77,77,79,79,78,79,78,78,78,77,77,79,79,78,78,
78,77,77,78,78,79,79,78,79,77,78,77,77,78,79,77,77,79,77,79,
78,77,78,78,77,78,78,78,78,79,78,78,77,78,77,78,78,78,78,79,
78,79,78,77,78,78,78,78,79,77,77,77,78,77,77,78,79,77,77,79,
77,78,78,79,79,79,79,77,78,79,77,78,78,77,79,78,77,77,78,78,
78,78,79,78,78,78,77,78,79,79,79,79,77,77,77,78,79,79,77,77,
79,78,77,77,77,78,78,78,79,79,78,77,77,79,79,77,77,77,79,79,
77,77,77,77,79,77,78,79,77,78,77,77,78,79,78,79,78,79,77,79,
78,77,78,78,77,79,79,77,78,77,79,78,79,78,78,79,79,77,78,78,
78,78,79,77,78,78,79,77,79,77,79,77,77,79,78,77,77,78,77,77,
77,77,79,77,79,78,78,77,77,79,79,78,79,77,79,79,79,79,78,78,
77,79,78,79,77,77,78,78,77,77,79,78,79,78,77,79,79,78,79,78,
77,78,79,77,79,77,79,77,79,78,77,77,78,77,79,77,77,77,77,77
</data>
 </layer>
 <layer name="collision" width="20" height="18">
  <data encoding="csv">
48,48,48,48,48,48,48,0,48,48,48,48,0,48,48,48,48,48,48,48,
48,48,48,48,48,48,48,0,48,48,48,48,0,48,48,48,48,48,48,48,
48,48,48,48,48,48,48,0,48,48,0,0,0,0,48,48,48,48,48,48,
48,48,48,48,48,48,48,0,48,48,0,0,0,0,48,0,48,48,48,48,
48,48,48,48,48,48,48,0,0,0,0,0,0,0,48,0,48,48,48,48,
48,48,48,48,48,48,48,0,0,0,0,0,48,48,48,48,48,48,48,48,
48,48,48,48,48,48,48,48,0,0,48,48,48,48,48,48,48,48,48,48,
48,48,48,48,48,48,48,48,48,48,48,48,48,48,48,48,48,48,48,48,
48,48,48,48,48,48,48,48,48,48,48,48,48,48,48,48,48,48,48,48,
48,48,48,48,48,48,48,48,48,48,48,48,48,48,48,48,48,48,48,48,
48,48,48,48,48,48,48,48,48,48,48,48,48,48,48,48,48,48,48,48,
48,48,48,48,48,48,48,48,48,48,48,48,48,48,48,48,48,48,48,48,
48,48,48,48,48,48,48,48,48,48,48,48,48,48,48,48,48,48,48,48,
48,48,48,48,48,48,48,48,48,48,48,48,48,48,48,48,48,48,48,48,
48,48,48,48,48,48,48,48,48,48,48,48,48,48,48,48,48,48,48,48,
48,48,48,48,48,48,48,48,48,48,48,48,48,48,48,48,48,48,48,48,
48,48,48,48,48,48,48,48,48,48,48,48,48,48,48,48,48,48,48,48,
48,48,48,48,48,48,48,48,48,48,48,48,48,48,48,48,48,48,48,48
</data>
 </layer>
 <layer name="walls" width="20" height="18" opacity="0.98">
  <data encoding="csv">
0,0,0,0,0,0,0,0,0,0,0,0,0,0,0,0,0,0,0,0,
0,0,0,0,0,0,0,0,0,0,0,0,0,0,0,0,0,0,0,0,
0,0,0,0,0,0,0,0,0,0,0,0,0,0,0,0,0,0,0,0,
0,0,0,0,0,0,0,0,0,0,0,0,0,0,0,0,0,0,0,0,
0,0,0,0,0,0,0,0,0,0,0,0,0,0,0,0,0,0,0,0,
0,0,0,0,0,0,0,0,0,0,0,0,0,0,0,0,0,0,0,0,
0,0,0,0,0,0,0,0,0,0,0,0,0,0,0,0,0,0,0,0,
0,0,0,0,0,0,0,0,0,0,0,0,0,0,0,0,0,0,0,0,
0,0,0,0,0,0,0,0,0,0,0,0,0,0,0,0,0,0,0,0,
0,0,0,0,0,0,0,0,0,0,0,0,0,0,0,0,0,0,0,0,
0,0,0,0,0,0,0,0,0,0,0,0,0,0,0,0,0,0,0,0,
0,0,0,0,0,0,0,0,0,0,0,0,0,0,0,0,0,0,0,0,
0,0,0,0,0,0,0,0,0,0,0,0,0,0,0,0,0,0,0,0,
0,0,0,0,0,0,0,0,0,0,0,0,0,0,0,0,0,0,0,0,
0,0,0,0,0,0,0,0,0,0,0,0,0,0,0,0,0,0,0,0,
0,0,0,0,0,0,0,0,0,0,0,0,0,0,0,0,0,0,0,0,
0,0,0,0,0,0,0,0,0,0,0,0,0,0,0,0,0,0,0,0,
0,0,0,0,0,0,0,0,0,0,0,0,0,0,0,0,0,0,0,0
</data>
 </layer>
 <objectgroup name="objects" width="20" height="18">
  <object type="ghost" gid="208" x="176" y="96"/>
  <object type="arrowturret" gid="206" x="160" y="64">
   <properties>
    <property name="direction" value="right"/>
    <property name="interval" value="1"/>
   </properties>
  </object>
  <object type="enemy" gid="203" x="128" y="96"/>
  <object type="spawnpoint" gid="201" x="192" y="16">
   <properties>
    <property name="exitDirection" value="down"/>
    <property name="name" value="pos5topos1"/>
    <property name="targetmap" value="POS1"/>
    <property name="targetspawn" value="pos5topos1"/>
   </properties>
  </object>
  <object type="enemy" gid="203" x="192" y="64"/>
  <object type="spawnpoint" gid="201" x="112" y="16">
   <properties>
    <property name="exitDirection" value="down"/>
    <property name="name" value="pos4topos5"/>
    <property name="targetmap" value="POS4"/>
    <property name="targetspawn" value="pos4topos5"/>
   </properties>
  </object>
  <object type="pushblock" gid="205" x="160" y="80"/>
  <object type="arrowturret" gid="206" x="240" y="80">
   <properties>
    <property name="direction" value="left"/>
    <property name="interval" value="1"/>
   </properties>
  </object>
 </objectgroup>
 <layer name="foreground" width="20" height="18" opacity="0.5">
  <data encoding="csv">
0,0,0,0,0,0,0,0,0,0,0,0,0,0,0,0,0,0,0,0,
0,0,0,0,0,0,0,0,0,0,0,0,0,0,0,0,0,0,0,0,
0,0,0,0,0,0,0,0,0,0,0,0,0,0,0,0,0,0,0,0,
0,0,0,0,0,0,0,0,0,0,0,0,0,0,0,0,0,0,0,0,
0,0,0,0,0,0,0,0,0,0,0,0,0,0,0,0,0,0,0,0,
0,0,0,0,0,0,0,0,0,0,0,0,0,0,0,0,0,0,0,0,
0,0,0,0,0,0,0,0,0,0,0,0,0,0,0,0,0,0,0,0,
0,0,0,0,0,0,0,0,0,0,0,0,0,0,0,0,0,0,0,0,
0,0,0,0,0,0,0,0,0,0,0,0,0,0,0,0,0,0,0,0,
0,0,0,0,0,0,0,0,0,0,0,0,0,0,0,0,0,0,0,0,
0,0,0,0,0,0,0,0,0,0,0,0,0,0,0,0,0,0,0,0,
0,0,0,0,0,0,0,0,0,0,0,0,0,0,0,0,0,0,0,0,
0,0,0,0,0,0,0,0,0,0,0,0,0,0,0,0,0,0,0,0,
0,0,0,0,0,0,0,0,0,0,0,0,0,0,0,0,0,0,0,0,
0,0,0,0,0,0,0,0,0,0,0,0,0,0,0,0,0,0,0,0,
0,0,0,0,0,0,0,0,0,0,0,0,0,0,0,0,0,0,0,0,
0,0,0,0,0,0,0,0,0,0,0,0,0,0,0,0,0,0,0,0,
0,0,0,0,0,0,0,0,0,0,0,0,0,0,0,0,0,0,0,0
</data>
 </layer>
</map>
