<?xml version="1.0" encoding="UTF-8"?>
<map version="1.0" orientation="orthogonal" width="30" height="20" tilewidth="16" tileheight="16">
 <properties>
  <property name="Music" value="SpiritGuardField"/>
  <property name="Name" value=""/>
 </properties>
 <tileset firstgid="1" name="tilemap" tilewidth="16" tileheight="16">
  <tileoffset x="0" y="2"/>
  <image source="gfx/tilemap.png" width="160" height="320"/>
 </tileset>
 <tileset firstgid="201" name="objects" tilewidth="16" tileheight="16">
  <image source="gfx/objects.png" width="192" height="16"/>
 </tileset>
 <layer name="background" width="30" height="20" opacity="0.51">
  <data encoding="csv">
148,148,148,148,148,148,148,148,148,148,148,148,148,148,148,148,148,148,148,148,148,148,148,148,148,148,148,148,148,148,
148,148,148,148,148,148,148,148,148,148,148,148,148,148,148,148,148,148,148,148,148,148,148,148,148,148,148,148,148,148,
148,148,148,148,148,148,148,148,148,148,148,148,148,148,148,148,148,148,148,148,148,148,148,148,148,148,148,148,148,148,
148,148,148,148,148,148,148,148,148,148,148,148,148,148,148,148,148,148,148,148,148,148,148,148,148,148,148,148,148,148,
148,148,148,148,148,148,148,148,148,148,148,148,148,148,148,148,148,148,148,148,148,148,148,148,148,148,148,148,148,148,
148,148,148,148,148,148,148,148,148,148,148,148,148,148,148,148,148,148,148,148,148,148,148,148,148,148,148,148,148,148,
148,148,148,148,148,148,148,148,148,148,148,148,148,148,148,148,148,148,148,148,148,148,148,148,148,148,148,148,148,148,
148,148,148,148,148,148,148,148,148,148,148,148,148,148,148,148,148,148,148,148,148,148,148,148,148,148,148,148,148,148,
148,148,148,148,148,148,0,0,0,0,0,0,0,0,0,148,148,148,148,148,148,148,148,148,148,148,148,148,148,148,
148,148,148,148,148,148,0,0,0,0,0,0,0,168,148,148,148,148,148,148,148,148,148,148,148,148,148,148,148,148,
148,148,148,148,148,148,148,168,168,168,179,168,168,168,148,148,148,148,148,148,148,148,148,148,148,148,148,148,148,148,
148,148,148,148,148,148,148,168,168,168,168,168,168,168,148,148,148,148,148,148,148,148,148,148,148,148,148,148,148,148,
148,148,148,148,148,148,148,168,168,168,168,168,168,168,148,148,148,148,148,148,148,148,148,148,148,148,148,148,148,148,
148,148,148,148,148,148,168,179,168,168,168,168,168,168,148,148,148,148,148,148,148,148,148,148,148,148,148,148,148,148,
148,148,148,148,148,148,148,148,148,148,177,148,148,148,148,148,148,148,148,148,148,148,148,148,148,148,148,148,148,148,
148,148,148,148,148,148,148,148,148,148,148,148,148,148,148,148,148,148,148,148,148,148,148,148,148,148,148,148,148,148,
148,148,148,148,148,148,148,148,148,148,148,148,148,148,148,148,148,148,148,148,148,148,148,148,148,148,148,148,148,148,
148,148,148,148,148,148,148,148,148,148,148,148,148,148,148,148,148,148,148,148,148,148,148,148,148,148,148,148,148,148,
148,148,148,148,148,148,148,148,148,148,148,148,148,148,148,148,148,148,148,148,148,148,148,148,148,148,148,148,148,148,
148,148,148,148,148,148,148,148,148,148,148,148,148,148,148,148,148,148,148,148,148,148,148,148,148,148,148,148,148,148
</data>
 </layer>
 <layer name="foreground" width="30" height="20">
  <data encoding="csv">
0,0,0,0,0,0,0,0,0,0,0,0,0,0,0,0,0,0,0,0,0,0,0,0,0,0,0,0,0,0,
0,0,0,0,0,0,0,0,0,0,0,0,0,0,0,0,0,0,0,0,0,0,0,0,0,0,0,0,0,0,
0,0,0,0,0,0,0,0,0,0,0,0,0,0,0,0,0,0,0,0,0,0,0,0,0,0,0,0,0,0,
0,0,0,0,0,0,0,0,0,0,0,0,0,0,0,0,0,0,0,0,0,0,0,0,0,0,0,0,0,0,
0,0,0,0,0,0,0,0,0,0,0,0,0,0,0,0,0,0,0,0,0,0,0,0,0,0,0,0,0,0,
0,0,0,0,0,0,0,0,0,0,0,0,0,0,0,0,0,0,0,0,0,0,0,0,0,0,0,0,0,0,
0,0,0,0,0,0,0,0,0,0,0,0,0,0,0,0,0,0,0,0,0,0,0,0,0,0,0,0,0,0,
0,0,0,0,0,0,0,0,0,0,0,0,0,0,0,0,0,0,0,0,0,0,0,0,0,0,0,0,0,0,
0,0,0,0,0,0,0,0,0,0,0,0,0,0,0,0,0,0,0,0,0,0,0,0,0,0,0,0,0,0,
0,0,0,0,0,0,0,0,0,0,0,0,0,0,0,0,0,0,0,0,0,0,0,0,0,0,0,0,0,0,
0,0,0,0,0,0,0,0,0,0,0,0,0,0,0,0,0,0,0,0,0,0,0,0,0,0,0,0,0,0,
0,0,0,0,0,0,0,0,0,0,0,0,0,0,0,0,0,0,0,0,0,0,0,0,0,0,0,0,0,0,
0,0,0,0,0,0,0,0,0,0,0,0,0,0,0,0,0,0,0,0,0,0,0,0,0,0,0,0,0,0,
0,0,0,0,0,0,0,0,0,0,0,0,0,0,0,0,0,0,0,0,0,0,0,0,0,0,0,0,0,0,
0,0,0,0,0,0,0,0,0,0,0,0,0,0,0,0,0,0,0,0,0,0,0,0,0,0,0,0,0,0,
0,0,0,0,0,0,0,0,0,0,0,0,0,0,0,0,0,0,0,0,0,0,0,0,0,0,0,0,0,0,
0,0,0,0,0,0,0,0,0,0,0,0,0,0,0,0,0,0,0,0,0,0,0,0,0,0,0,0,0,0,
0,0,0,0,0,0,0,0,0,0,0,0,0,0,0,0,0,0,0,0,0,0,0,0,0,0,0,0,0,0,
0,0,0,0,0,0,0,0,0,0,0,0,0,0,0,0,0,0,0,0,0,0,0,0,0,0,0,0,0,0,
0,0,0,0,0,0,0,0,0,0,0,0,0,0,0,0,0,0,0,0,0,0,0,0,0,0,0,0,0,0
</data>
 </layer>
 <layer name="collision" width="30" height="20" opacity="0.9">
  <data encoding="csv">
0,0,0,0,0,0,0,0,0,0,0,0,0,0,0,0,0,0,0,0,0,0,0,0,0,0,0,0,0,0,
0,0,0,0,0,0,0,0,0,0,0,0,0,0,0,0,0,0,0,0,0,0,0,0,0,0,0,0,0,0,
0,0,0,0,0,0,0,0,0,0,0,0,0,0,0,0,0,0,0,0,0,0,0,0,0,0,0,0,0,0,
0,0,0,0,0,0,0,0,0,0,0,0,0,0,0,0,0,0,0,0,0,0,0,0,0,0,0,0,0,0,
0,0,0,0,0,0,0,0,0,0,0,0,0,0,0,0,0,0,0,0,0,0,0,0,0,0,0,0,0,0,
0,0,0,0,0,0,0,0,0,0,0,0,0,0,0,0,0,0,0,0,0,0,0,0,0,0,0,0,0,0,
0,0,0,0,0,0,0,0,0,0,0,0,0,0,0,0,0,0,0,0,0,0,0,0,0,0,0,0,0,0,
0,0,0,0,0,0,0,0,0,0,0,0,0,0,0,0,0,0,0,0,0,0,0,0,0,0,0,0,0,0,
0,0,0,0,0,0,107,0,0,0,0,148,148,48,0,0,0,0,0,0,0,0,0,0,0,0,0,0,0,0,
0,0,0,0,0,0,0,0,0,0,0,108,108,158,109,0,0,0,0,0,0,0,0,0,0,0,0,0,0,0,
0,0,0,0,0,0,117,0,0,169,0,0,0,0,119,0,0,0,0,0,0,0,0,0,0,0,0,0,0,0,
0,0,0,0,0,0,117,0,0,0,0,0,0,0,119,0,0,0,0,0,0,0,0,0,0,0,0,0,0,0,
0,0,0,0,0,0,117,0,0,0,0,0,0,0,119,0,0,0,0,0,0,0,0,0,0,0,0,0,0,0,
0,0,0,0,0,0,117,0,0,0,0,0,0,0,119,0,0,0,0,0,0,0,0,0,0,0,0,0,0,0,
0,0,0,0,0,0,127,128,128,138,0,138,138,138,129,0,0,0,0,0,0,0,0,0,0,0,0,0,0,0,
0,0,0,0,0,0,0,0,0,0,0,0,0,0,0,0,0,0,0,0,0,0,0,0,0,0,0,0,0,0,
0,0,0,0,0,0,0,0,0,0,0,0,0,0,0,0,0,0,0,0,0,0,0,0,0,0,0,0,0,0,
0,0,0,0,0,0,0,0,0,0,0,0,0,0,0,0,0,0,0,0,0,0,0,0,0,0,0,0,0,0,
0,0,0,0,0,0,0,0,0,0,0,0,0,0,0,0,0,0,0,0,0,0,0,0,0,0,0,0,0,0,
0,0,0,0,0,0,0,0,0,0,0,0,0,0,0,0,0,0,0,0,0,0,0,0,0,0,0,0,0,0
</data>
 </layer>
 <layer name="walls" width="30" height="20" opacity="0.9">
  <data encoding="csv">
48,48,48,48,48,48,48,48,48,48,48,48,48,48,48,48,48,48,48,48,48,48,48,48,48,48,48,48,48,48,
48,48,48,48,48,48,48,48,48,48,48,48,48,48,48,48,48,48,48,48,48,48,48,48,48,48,48,48,48,48,
48,48,48,48,48,48,48,48,48,48,48,48,48,48,48,48,48,48,48,48,48,48,48,48,48,48,48,48,48,48,
48,48,48,48,48,48,48,48,48,48,48,48,48,48,48,48,48,48,48,48,48,48,48,48,48,48,48,48,48,48,
48,48,48,48,48,48,48,48,48,48,48,48,48,48,48,48,48,48,48,48,48,48,48,48,48,48,48,48,48,48,
48,48,48,48,48,48,48,48,48,48,48,48,48,48,48,48,48,48,48,48,48,48,48,48,48,48,48,48,48,48,
48,48,48,48,48,48,48,48,48,48,48,48,48,48,48,48,48,48,48,48,48,48,48,48,48,48,48,48,48,48,
48,48,48,48,148,148,148,148,148,148,148,148,48,48,48,48,48,48,48,48,48,48,48,48,48,48,48,48,48,48,
48,48,48,48,148,148,148,148,148,148,148,148,148,148,48,48,48,48,48,48,48,48,48,48,48,48,48,48,48,48,
48,48,48,48,48,148,148,148,107,108,108,108,108,108,109,48,48,48,48,48,48,48,48,48,48,48,48,48,48,48,
48,48,48,48,48,48,107,158,159,0,0,0,0,0,119,48,48,48,48,48,48,48,48,48,48,48,48,48,48,48,
48,48,48,48,48,48,117,0,0,0,0,0,0,0,119,48,48,48,48,48,48,48,48,48,48,48,48,48,48,48,
48,48,48,48,48,48,117,0,0,0,0,0,0,0,119,48,48,48,48,48,48,48,48,48,48,48,48,48,48,48,
48,48,48,48,48,48,117,0,0,0,0,0,0,0,119,48,48,48,48,48,48,48,48,48,48,48,48,48,48,48,
48,48,48,48,48,48,127,128,128,128,0,128,128,128,129,48,48,48,48,48,48,48,48,48,48,48,48,48,48,48,
48,48,48,48,48,48,48,48,48,48,48,48,48,48,48,48,48,48,48,48,48,48,48,48,48,48,48,48,48,48,
48,48,48,48,48,48,48,48,48,48,48,48,48,48,48,48,48,48,48,48,48,48,48,48,48,48,48,48,48,48,
48,48,48,48,48,48,48,48,48,48,48,48,48,48,48,48,48,48,48,48,48,48,48,48,48,48,48,48,48,48,
48,48,48,48,48,48,48,48,48,48,48,48,48,48,48,48,48,48,48,48,48,48,48,48,48,48,48,48,48,48,
48,48,48,48,48,48,48,48,48,48,48,48,48,48,48,48,48,48,48,48,48,48,48,48,48,48,48,48,48,48
</data>
 </layer>
 <objectgroup name="objects" width="30" height="20">
  <object type="spawnPoint" gid="201" x="160" y="240">
   <properties>
    <property name="exitdirection" value="up"/>
    <property name="name" value="enterDoorFive"/>
    <property name="targetMap" value="Village"/>
    <property name="targetSpawn" value="enterDoorFive"/>
   </properties>
  </object>
  <object type="spawnPoint" gid="201" x="176" y="214">
   <properties>
    <property name="exitdirection" value="up"/>
    <property name="name" value="initspawn"/>
   </properties>
  </object>
  <object type="sign" gid="202" x="192" y="176">
   <properties>
    <property name="dialogue" value="Extra Controls:|'M' - Mute|'N' - Disable Gameboy Effect"/>
   </properties>
  </object>
  <object type="sign" gid="202" x="176" y="176">
   <properties>
    <property name="dialogue" value="WASD- Move|L - interact"/>
   </properties>
  </object>
 </objectgroup>
</map>
