<?xml version="1.0" encoding="UTF-8"?>
<map version="1.0" orientation="orthogonal" width="19" height="18" tilewidth="16" tileheight="16">
 <properties>
  <property name="Music" value="SpiritGuardField"/>
  <property name="Name" value="VILLAGE"/>
 </properties>
 <tileset firstgid="1" name="tilemap" tilewidth="16" tileheight="16">
  <tileoffset x="0" y="2"/>
  <image source="gfx/tilemap.png" width="160" height="320"/>
 </tileset>
 <tileset firstgid="201" name="objects" tilewidth="16" tileheight="16">
  <image source="gfx/objects.png" width="192" height="16"/>
 </tileset>
 <layer name="background" width="19" height="18" opacity="0.51">
  <data encoding="csv">
78,79,77,78,78,77,78,77,78,79,77,79,77,77,78,78,78,78,78,
77,77,78,77,79,78,78,77,77,79,77,78,78,78,79,78,77,78,77,
78,78,77,79,78,78,78,78,78,78,77,78,79,79,78,79,78,79,79,
78,78,77,78,77,78,79,78,78,78,79,77,77,78,79,77,79,78,78,
79,78,79,79,79,77,79,78,79,78,79,77,78,77,79,79,79,78,77,
79,77,79,79,77,77,77,77,78,79,77,77,79,79,77,77,77,78,78,
78,79,78,78,77,78,79,79,77,77,77,79,77,79,77,78,79,79,79,
79,78,78,79,77,78,79,78,77,78,77,79,77,77,77,77,79,79,78,
78,77,77,79,79,77,79,78,78,79,77,77,77,79,78,77,78,78,77,
77,77,78,78,78,79,78,78,77,77,79,77,79,78,78,78,78,79,79,
78,79,79,77,78,79,79,78,79,78,78,78,79,78,79,77,77,78,77,
79,77,79,78,77,79,78,78,79,79,77,78,78,79,77,79,78,77,77,
77,77,79,77,79,78,77,77,79,77,77,79,77,78,77,77,79,79,77,
79,77,77,78,77,79,79,77,78,77,77,77,78,78,77,77,77,78,79,
77,77,79,78,79,79,79,79,78,78,77,79,78,77,78,77,78,79,79,
78,78,77,79,78,78,78,78,78,79,78,79,78,77,78,79,78,78,79,
78,79,78,79,79,79,77,78,78,78,79,78,78,78,77,79,79,79,77,
79,77,77,79,77,78,77,79,79,79,79,78,77,77,77,78,78,78,77
</data>
 </layer>
 <layer name="foreground" width="19" height="18">
  <data encoding="csv">
0,0,0,0,0,0,0,0,0,0,0,0,0,0,0,0,0,0,0,
0,0,0,0,0,0,0,0,0,0,0,0,0,0,0,0,0,0,0,
0,0,0,0,0,0,0,0,0,0,0,0,0,0,0,0,0,0,0,
0,0,0,0,0,0,0,0,0,0,0,0,0,0,0,0,0,0,0,
0,0,0,0,0,0,0,0,0,0,0,0,0,0,0,0,0,0,0,
0,0,0,0,0,0,0,0,0,0,0,0,0,0,0,0,0,0,0,
0,0,0,0,0,0,0,0,0,0,0,0,0,0,0,0,0,0,0,
0,0,0,0,0,0,0,0,0,0,0,0,0,0,0,0,0,0,0,
0,0,0,0,0,0,0,0,0,0,0,0,0,0,0,0,0,0,0,
0,0,0,0,0,0,0,0,0,0,0,0,0,0,0,0,0,0,0,
0,0,0,0,0,0,0,0,0,0,0,0,0,0,0,0,0,0,0,
0,0,0,0,0,0,0,0,0,0,0,0,0,0,0,0,0,0,0,
0,0,0,0,0,0,0,0,0,0,0,0,0,0,0,0,0,0,0,
0,0,0,0,0,0,0,0,0,0,0,0,0,0,0,0,0,0,0,
0,0,0,0,0,0,0,0,0,0,0,0,0,0,0,0,0,0,0,
0,0,0,0,0,0,0,0,0,0,0,0,0,0,0,0,0,0,0,
0,0,0,0,0,0,0,0,0,0,0,0,0,0,0,0,0,0,0,
0,0,0,0,0,0,0,0,0,0,0,0,0,0,0,0,0,0,0
</data>
 </layer>
 <layer name="collision" width="19" height="18">
  <data encoding="csv">
0,0,0,0,0,0,0,0,0,0,0,0,0,0,0,0,0,0,0,
0,0,0,0,0,0,0,0,0,0,0,0,0,0,0,0,0,0,0,
0,0,0,0,0,0,0,0,0,0,0,0,0,0,0,0,0,0,0,
0,0,0,0,0,0,0,0,0,0,0,0,0,0,0,0,0,0,0,
0,0,0,0,0,0,0,0,0,0,0,0,0,0,0,0,0,0,0,
0,0,0,0,0,0,0,0,0,0,0,0,0,0,0,0,0,0,0,
0,0,0,0,0,0,0,0,0,0,0,0,0,0,0,0,0,0,0,
0,0,0,0,0,0,0,0,0,0,0,0,0,0,0,0,0,0,0,
0,0,0,0,0,0,0,0,0,0,0,0,0,0,0,0,0,0,0,
0,0,0,0,0,0,0,0,0,0,31,53,43,0,0,0,0,0,0,
0,0,0,0,0,0,0,0,0,0,21,32,53,0,44,45,0,0,0,
0,0,0,0,0,0,51,32,32,32,53,0,0,34,26,45,0,0,0,
0,0,0,0,0,0,0,0,0,0,0,0,0,0,45,45,0,0,0,
0,0,0,0,0,0,0,0,0,0,0,0,0,0,0,0,0,0,0,
0,0,0,0,0,0,0,0,0,0,0,0,0,0,0,0,0,0,0,
0,0,0,0,0,0,0,0,0,0,0,0,0,0,0,0,0,0,0,
0,0,0,0,0,0,0,0,0,0,0,0,0,0,0,0,0,0,0,
0,0,0,0,0,0,0,0,0,0,0,0,0,0,0,0,0,0,0
</data>
 </layer>
 <layer name="walls" width="19" height="18">
  <data encoding="csv">
48,48,48,48,48,48,48,48,48,48,48,48,48,48,48,48,48,48,48,
48,48,48,48,48,48,48,48,48,48,48,48,48,48,48,48,48,48,48,
48,48,48,48,48,48,48,48,48,48,48,48,48,48,48,48,48,48,48,
48,48,48,48,48,48,48,48,48,48,48,48,48,48,48,48,48,48,48,
48,48,48,48,48,48,48,48,48,48,48,48,48,48,48,48,48,48,48,
48,48,48,48,48,48,48,48,48,48,48,48,48,48,48,48,48,48,48,
48,48,48,48,48,48,48,48,48,48,48,48,48,48,48,48,48,48,48,
48,48,48,48,48,48,48,48,48,48,48,48,48,48,48,48,48,48,48,
48,48,7,8,8,9,48,48,48,7,8,8,8,8,9,48,48,48,48,
48,48,17,0,0,47,48,7,8,59,0,0,0,0,57,58,9,48,48,
48,48,27,39,0,57,8,59,0,0,0,0,0,0,0,0,47,48,48,
48,48,7,59,0,0,0,0,0,0,0,0,0,0,0,0,47,48,48,
48,48,17,0,0,0,0,0,0,0,0,0,37,39,0,0,47,48,48,
48,48,17,0,0,0,0,0,0,0,0,0,57,58,28,28,29,48,48,
48,48,17,0,0,0,0,0,0,0,0,0,0,0,57,58,48,48,48,
48,48,27,39,0,0,0,0,0,0,0,0,0,0,0,0,47,48,48,
48,48,48,27,28,28,39,0,0,0,0,0,0,0,0,0,47,48,48,
48,48,48,48,48,48,27,28,28,28,28,28,28,39,0,37,29,48,48
</data>
 </layer>
 <objectgroup name="objects" width="19" height="18">
  <object type="spawnpoint" gid="201" x="224" y="288">
   <properties>
    <property name="exitDirection" value="up"/>
    <property name="name" value="villageEntrance"/>
    <property name="targetmap" value="Village"/>
    <property name="targetspawn" value="villageEntrance"/>
   </properties>
  </object>
  <object type="spawnpoint" gid="201" x="48" y="160">
   <properties>
    <property name="exitDirection" value="right"/>
    <property name="name" value="fieldentrance"/>
    <property name="targetmap" value="Field"/>
    <property name="targetspawn" value="fieldentrance"/>
   </properties>
  </object>
 </objectgroup>
</map>
